[{'acc': [0.4996599990129471, 0.5, 0.44963999807834626, 0.0, 0.0],
  'loss': [7.837048494815827, 8.059050559997559, nan, nan, nan],
  'val_acc': [0.5, 0.5, 0.0, 0.0, 0.0],
  'val_loss': [8.059050559997559, 8.059050559997559, nan, nan, nan]}]
